231,1
231,3
0,273
0,270
229,1
229,3
244,35
10,235
10,273
10,15
10,177
10,211
10,89
10,27
10,133
10,2
11,27
11,10
11,19
11,22
11,21
11,29
11,12
11,1
11,7
11,2
11,3
9,5
9,7
9,2
9,3
8,5
8,10
8,15
8,14
12,2
12,1
12,3
20,2
20,1
20,3
19,2
19,1
19,3
18,1
18,3
14,1
14,3
13,1
13,3
244,1
235,6
235,5
235,4
235,3
235,2
235,1
235,0
234,5
234,4
234,3
234,2
234,1
234,0
233,5
233,4
233,3
233,2
233,1
233,0
232,4
232,1
232,3
232,2
10,284
10,246
10,240
10,184
10,140
10,102
2,2
10,14
2,1
10,1
10,6
2,3
10,3
9,6
9,1
9,4
8,18
8,12
8,7
8,6
8,1
8,4
8,3
8,2
3,3
3,2
3,1
0,575
0,574
0,573
0,572
0,571
0,570
0,569
0,568
0,567
